Year,Quarter,Average Outstanding Shares,Average Outstanding Shares diluted,BookValue per Share,Sale per Share,Tangible BookValue per Share,Cash Flow per Share,EPS Basis,EPS Diluted,EPS before other income,Basic EPS in year,Beta,Cash Ratio,Quick Ratio,Current Ratio,LT Debt/Equity,LT Debt/Total Assets,Debt/Equity,Debt/Total Assets,ST liabilities/ Equity,ST liabilities/ Total Assets,Total liabilities/ Equity,Total liabilities/ Total Assets,ROE %,ROCE %,ROA %,Account Receivable Turnover Ratio,Turnover Ratio,Inventory Turnover Ratio,Inventory Turn-Days,Payment Period Turnover Ratio,Average Payment Period,Sales per Employees,Net Profit per Employees,Dividend Yield %,Cash Dividend Ratio %,Dividend Payout Ratio %,Gross profit margin %,EBITDA/ Revenue %,EBIT/ Revenue %,Operating profit margin %,Pre-tax profit margin %,Net profit margin,Revenue/MarCap,Asset Turnover Ratio,Equity Turnover Ratio (%),The quality of earning by Financial Report (%),The Quality of earning by Cash Flow Statement (%),P/E cơ bản,P/E diluted,P/E before other income,P/B ,P/S,P/Tangible Book ,P/Cash Flow,EV/Sales,EV/EBITDA,EV/EBIT,Sale growth rate %,Gross profit growth rate %,EBITDA growth rate %,EBIT growth rate %,Pre-tax profit growth rate %,Net profit growth rate %,EPS growth rate %,Total assets growth rate %,Equity growth rate %,Capital growth rate %
2012,3,569453868.419444,569453868.419444,22251.0676505838,13889.3337382318,29865.2950958423,348.396965939771,3618.83923226262,3618.83923226262,3411.94758302858,2909,1.41721041892937,2.71512620257957,3.78382045069891,4.08194256349785,0.83498366150264,0.32783858548536,0.900722213111131,0.35364943037351,0.218486696542328,0.0857841570371607,1.14623491340583,0.450044773293705,0.133899479713478,0.104929436921562,0.0559000205573621,61.2258690385137,5.96153236747689,6.6022862229722,55.2838801095911,10.8095058279549,33.7665759942567,1879476865.52471,539182319.354204,0,0,0,0.412240255281267,0.397552950424702,0.369413011688938,0.337055015350629,0.286878933837622,0.119735635674412,0.258940109502098,0.620249252032083,-0.0501760815130073,0,0,32.0544772936688,32.0544772936688,33.9981776323286,5.21323299275289,8.3517325010845,3.88410694177768,332.953531001913,9.0132819073561,22.6719029445695,24.3989291718443,0.0589492941074872,0.0447523535491801,0,0,-0.195386678192832,-0.286053346395333,0.148250880724389,0.0766032497313092,0.0796879274697182,0
2012,4,603922910.680556,603922910.680556,20201.1334243491,15116.7095516307,27413.6687501937,3363.06664986637,2087.21672535909,2087.21672535909,1878.52742450449,1776,1.7875698489694,1.59196241063238,1.82323174887182,1.94197896370202,0.910928081336593,0.326806722072383,1.0400987133456,0.373148284814571,0.34200660811561,0.122699103052524,1.36812834953335,0.490832976220525,0.084713685775989,0.0866289956350248,0.034882670471743,65.982338091231,5.53178336140999,10.2845658093596,35.4900738413116,8.84834902350519,41.2506332006566,2045562906.08387,386413073.439653,0,0,0,0.405267130561935,0.300075057168768,0.266395968049786,0.239524770116967,0.188903050739917,0.134970620996702,0.287509186664937,0.698225295467943,-0.0506217193770505,0,0,53.6599762924625,53.6599762924625,59.6211684423733,5.54424336730545,7.4090197749363,4.08555312390315,33.3029379612356,8.24851312845941,27.4881664816956,30.9633557476285,0.472245473865177,0.376419533738801,-0.0629223283957675,-0.130972741656287,-0.13248752340886,-0.213707648372922,-0.454939813123972,0.1527029213896,-0.125463508522359,0.333819225291171
2013,1,650596250.569444,650596250.569444,22592.5936164891,14728.7561928069,30904.0738994189,-1290.05815706036,1464.81477439483,1464.81477439483,1178.85862288432,1776,1.37998262586499,1.28712171431865,1.53617293780263,1.67798773633848,0.726110678901351,0.277564369848078,0.899812976253652,0.343964121437883,0.357519333515377,0.136665981370565,1.19328511332196,0.456147306674306,0.0647066629762031,0.0679313550868544,0.0246738050072741,87.4527764094662,4.17368109951157,7.4623705665077,48.9120711370429,7.97590021862887,45.7628593631963,2044860799.36995,315550698.956487,0,0,0,0.400572683135744,0.256569420234149,0.225007722046385,0.202755615140911,0.154314024237597,0.167372229463715,0.268895678594073,0.705174659741967,-0.0484415909033138,-9.40480011177771,-4.45118727598888,60.0758550079182,60.0758550079182,74.6484763242344,3.89508179068797,5.97470681488888,2.84752101895714,-68.2139789732614,6.65963076139762,25.9564477922581,29.5973431526264,-0.58023714355063,-0.668497893229058,0,0,-0.804873200570606,-0.914905728016122,-0.226971030647745,0.0482920995171523,0.114833819654767,0
2013,2,689876622.944444,689876622.944444,21653.2979437159,14420.2687481194,30687.5292583369,-882.701311722863,854.60643308025,854.60643308025,674.485095630601,1776,0.972909735763166,1.07873461156223,1.28660547038244,1.45945007707507,0.731971429518281,0.269147412407567,0.948375642968791,0.348719690416603,0.385059729670502,0.141587261037467,1.23268937231156,0.453262438232474,0.0392938558733534,0.0581448310050252,0.0147538413967618,84.7826476529531,4.30512622693833,7.43870000613646,49.0677134040757,7.3808916451361,49.4520198302233,2086556211.85273,235346918.68478,0,0,0,0.399476052120764,0.223937471237643,0.191870268217795,0.169833714535312,0.112792033757771,0.180253359351492,0.265201408323158,0.706310013495718,-0.0570416807775407,0.0916238541241762,1.75791374758371,93.610341442969,93.610341442969,118.608995985604,3.69458731912092,5.54774681369466,2.60692215807066,-90.6308837854284,6.31566958955592,28.2028262382838,32.9163535769226,0.783649264074118,1.19066270582043,0,0,2.9760732782605,6.58176539238849,-0.38368085432256,0.0222683402728283,-0.0166681693827186,0.0259876577249945
2013,3,702049044.555556,702049044.555556,17912.393111788,15184.83036385,29303.2895978662,295.418107336499,551.844636787825,551.844636787825,449.312270198579,1776,1.00474092199813,1.03871624182984,1.21499967166704,1.38482672315202,1.10796150762412,0.318076193201918,1.45737814214045,0.418387541731258,0.5678673676115,0.163024698322585,1.76583152828242,0.50693906465796,0.0270192979991337,0.0521714558122678,0.00939831328656636,73.4263639339462,4.9709665635677,7.28743090431159,50.0862381808723,6.61594051817109,55.1697825876011,2197185272.69147,201416617.444379,0,0,0,0.407125800573215,0.196185421861043,0.164911988919938,0.149886858770784,0.0916702928732316,0.162404602821925,0.270713884897322,0.778277857474601,-0.0582165658975524,0,0,169.43174539893,169.43174539893,208.09580819744,5.2198497105598,6.15746095014617,3.19076804287559,316.500572165327,7.25898858076488,37.0006523007931,44.0173490618018,0.182347968435284,0.254721183168499,0,0,0.0608355850279354,0.158833136227966,-0.339982964205043,0.0595443662599833,-0.172763744425988,0
2013,4,702892150.319444,702892150.319444,19639.062564421,16250.3044687004,29898.6081721699,-449.460133900233,641.919247205908,641.919247205908,619.81165930222,618,1.12728589245976,0.918403739534328,1.03520112446049,1.14459869344429,0.836078564292628,0.259495492906445,1.29585298769782,0.402196664450353,0.677884917510735,0.210396592277332,1.61024692840399,0.499775784517104,0.031868000932026,0.0687944402776878,0.0105913756320216,50.5253821387926,7.22409182373622,8.3305739511038,43.8145081170112,7.24672129821509,50.3676055666584,2351355188.02914,257378224.059854,0,0,0,0.418616134449869,0.244458524837235,0.203543251670311,0.168594384457636,0.109459525881151,0.177598955942081,0.280336553636556,0.84349435455397,-0.0591348585764846,0,0,142.541293781536,142.541293781536,147.625490141651,4.6590818528052,5.63066373163884,3.06034312611146,-203.577565836596,6.71958205407513,27.487615981276,33.013042677333,0.149490529494734,0.187353342415416,-0.0635584249956056,-0.121717037046672,-0.190907695411172,-0.333929823417195,-0.650002360607622,0.201628811675346,0.0395518904464234,0.0693039126260167
2014,1,714799954.069444,714799954.069444,20124.9035087636,17857.3377786151,29738.007838497,-647.18526822269,451.176581872959,451.176581872959,456.216103741269,618,0.885040456014054,1.08781992616335,1.32575891051357,1.52018717061482,1.0020392130666,0.320404456231669,1.23699462455052,0.395532015985352,0.450146074863055,0.143935293609844,1.54700254272831,0.494657795851081,0.0223816954525897,0.0630696630812123,0.007236426857142,41.5223034830357,8.79045643864927,6.47410733182616,56.3784289157041,7.51493440807971,48.5699515364457,2583886591.84879,253029730.261863,0,0,0,0.4248557556029,0.216425954542822,0.178514366528594,0.155164604726157,0.0979260200738214,0.207643462542037,0.294472519605565,0.910780193468511,-0.0572385846523352,3.58425989711452,26.8463862640413,190.61273003796,190.61273003796,188.507155479046,4.27331241427073,4.81594743103243,2.89192203011897,-132.883123616479,5.85888052235826,27.0710624090098,32.8202185420174,-0.388157811711257,-0.455226283939572,0,0,-0.853580310655147,-0.96668344911281,-0.228406015182168,-0.00504821702463265,-0.0105129022194655,0
2014,2,725414835.388889,725414835.388889,19409.5518738112,19721.7266446658,27636.0004261739,-356.697971115085,-55.2511446481701,-55.2511446481701,-56.4504584167307,618,0.437222170735037,0.897067656225927,1.21608731366463,1.48497032722851,1.13562909751121,0.356246664507496,1.29337123401578,0.405730347256727,0.425446423970782,0.133462474498403,1.66085827281102,0.521010971984865,-0.0028308965233158,0.0632848977359432,-0.000879853999117259,32.1385855963998,11.3570648249339,6.43735829327656,56.7002772521177,7.95854391188885,45.8626608134619,2857138609.96259,187411892.104745,0,0,0,0.414115461030071,0.213916679478427,0.166088994678462,0.115104689710653,0.0655942597433867,0.23618834304989,0.318560865313578,1.02495737586628,-0.0495104299672664,1.44778290276881,1.5060348232546,0,0,0,4.30200555596879,4.23390920604735,3.021421287898,-234.091603434042,5.14962358164167,24.0730343898265,31.0052065256401,0.51893931999589,0.427186295455742,0,0,-0.285441683294032,0,0,-0.0169372570687406,-0.0355455932815232,0
2014,3,732910742.861111,732910742.861111,19476.7766215131,20753.1191486955,27532.2111838671,-439.929422703388,-172.87780433587,-172.87780433587,-163.512407434735,618,0.568668406127293,0.805609078961264,1.0732399449929,1.32650688115375,1.12430129570719,0.345301243993332,1.35755517518807,0.416939384995701,0.490260181129664,0.150571249068949,1.71670442817997,0.52724316594027,-0.00868837680856063,0.0583518640357111,-0.00274136323267834,25.1895283328941,14.4901482543188,6.17957253992009,59.0655741383561,8.17440845614561,44.6515490335682,3006559165.19,172458357.944477,0,0,0,0.409038019781388,0.20428957780436,0.14821777731617,0.0997673001354131,0.0573607065316404,0.245599043179828,0.330387970001368,1.04711960172559,-0.0424065936037727,0,0,0,0,0,4.338500237594,4.0716771004185,3.06913234958455,-192.076264144242,5.15600444299967,25.2387052654119,34.7866803588691,-0.031527859280203,0.0556857521751033,0,0,2.51192071808619,0,0,0.0261954327061424,0.0046879976366172,0.00122028331854462
2014,4,735289949.733333,735289949.733333,20407.6076357409,21865.2596042224,27352.8424055131,453.082488235861,1469.0381670411,1469.0381670411,1217.72608251306,1447,0.792872863709361,0.780606719338774,1.25657197622804,1.39261395251372,1.1668802043782,0.330821050087699,1.56926729826946,0.444901416215583,0.785608071026246,0.222726965492371,2.06711437330228,0.586045546973384,0.073358490453275,0.107963459128325,0.0217190904088714,6.84851286556877,53.2962421425906,6.98171651194061,52.2794071308613,9.77384219620284,37.3445767460624,3167677889.3483,401071470.761961,0,0,0,0.410204320614874,0.330995741341901,0.261330606273894,0.170289824445031,0.126613716663115,0.282132381989966,0.323496174986898,1.09264203139714,-0.0436761077819151,0,0,52.7556068581244,52.7556068581244,63.6432126345364,3.79760339297539,3.54443539216127,2.8333435644838,171.050530559583,4.68796508603961,14.1632187382048,17.9388291057124,0.347171157073629,0.320100645345573,0.824063677660275,0.729642483077741,0.360718748572098,0.558296053316035,1.39275875241532,0.138981966443223,0.0404015279184762,0.00122028331854462
2015,1,736453598.430556,736453598.430556,29871.399893532,22710.0513938289,27519.7976211461,-1533.3063785776,1617.38635338112,1617.38635338112,1373.88730553594,1447,1.15123051017276,0.574195559694528,1.25009005650471,1.48939315696281,0.788336812768993,0.352256359014579,1.01148195569186,0.451965384782008,0.376375240006446,0.168177572733444,1.23796332584124,0.553165153131317,0.0726396556121807,0.0805231638781136,0.0245229562575811,7.78043242923319,46.9125595935512,5.79796555641138,62.9531163041119,8.88093447332418,41.099278583392,3338846426.4619,407862965.15062,0,0,0,0.395089020221192,0.252070630258838,0.191269949801277,0.162727965401111,0.122156850916567,0.264070365044522,0.349130923357665,1.03416365343079,-0.0405711144845433,3.75597404353277,4.88444334275051,53.1722057752116,53.1722057752116,62.5961093413353,2.87900802461626,3.78686945743192,3.12502298105267,-56.087942502254,4.81776372380212,19.112753115486,25.1882939730345,-0.318009833778622,-0.494648985312959,0,0,-0.926938097493736,-0.968950719343502,0.101759057746788,-0.0712831845875869,0.463738446304539,0
2015,2,739438025.077778,739438025.077778,20868.9616219229,26333.2538660141,26552.805004457,1866.84746142829,2403.61590792285,2403.61590792285,2177.44685206126,1447,0.859247214379515,0.765476282410951,1.23762378061891,1.68788306182214,1.17089057562495,0.426180024813654,1.42008219415197,0.516880635424102,0.481016435516487,0.175080063578764,1.74740838953425,0.636020620811483,0.0919962987189555,0.105977577312241,0.032298023571574,8.01207912899069,45.5562150752223,4.39125418988113,83.1197612839353,8.05498979748728,45.3135272888688,3871531994.4871,542213427.840126,0,0,0,0.381222305619785,0.304560462269429,0.243253964157266,0.173555170284696,0.140051387567561,0.358275562802912,0.357330562377677,1.01780497760368,-0.0335037827171353,-24.9626753442732,30.4794289422305,30.5789289202688,30.5789289202688,33.7551292838317,3.52197686361108,2.79114766348187,2.76806913573397,39.3711867298287,4.1793774663894,13.7226527542243,17.1811278836442,0.905337550894465,0.979310362318044,0,0,3.76827481206585,9.72395887785328,0.484808588767377,0.449466542496735,0.18069558806709,0
2015,3,738171872.883333,738171872.883333,21020.5005129782,32655.4409283107,25502.0403287507,3531.49733248101,2668.5424795525,2668.5424795525,2457.24412786814,1447,0.722591580224476,0.558051626629177,0.9990610558749,1.34009892667202,1.10225393960413,0.405407661360176,1.39417004346833,0.512774050110362,0.517060884510255,0.190174365850224,1.718877921315,0.632201213537257,0.0891752210024112,0.104041646268538,0.0324863948565419,9.1048181297307,40.0886645728964,4.61676062885067,79.0597627520633,9.39718480753291,38.8414197949381,4801024020.47647,593509746.012995,0,0,0,0.346984820336575,0.264179833656771,0.209978789308788,0.153773881917378,0.123621490640676,0.463197743663981,0.402144373549697,1.10388713627757,-0.0301523912767019,6.75231508793374,-4.16339123826114,26.4189161462487,26.4189161462487,28.6906779836989,3.35386876047375,2.1589051623823,2.76448468793767,19.9632035260441,3.31109290732629,12.5334809303731,15.7687017732877,0.27606337259955,0.108757433751839,0,0,-0.0915309979285489,-0.19855779854675,0.104769905137671,-0.0309715265432309,-0.0208030537888019,0.0148269637151317
2015,4,735808100,735808100,22250.1911364385,41017.3796552591,26927.6804533546,5195.3382954061,2009.07274600538,2009.07274600538,2049.47730257386,1965,0.526868666227667,0.554772893336415,0.819149846493175,1.11357912285851,1.00531431463874,0.379307248325324,1.31394284402336,0.4957534547813,0.553512506489531,0.208841456540528,1.65039573875082,0.622697853992431,0.0701857553955502,0.114965213540168,0.0236877677967677,11.7235061035825,31.1340307903675,6.86921694741003,53.1356052362882,11.6634548886596,31.2943294662107,6030401653.86887,497588107.895255,0,0,0,0.320245941594748,0.24320426688816,0.183947975098936,0.105350849097292,0.0825132613805287,0.585962566503702,0.490781702169935,1.45416338072223,-0.0228375877167636,0,0,34.8419439461216,34.8419439461216,34.1550501252634,3.14604038997952,1.70659365830613,2.59955550650778,13.473617312254,2.59776825731404,10.6814254969821,14.1222987418961,0.90372943983567,0.486238921345264,0.398794802892623,0.340015930728682,0.177753947376585,0.240646977332819,0.368574732287263,0.356547991035606,0.805334054160463,0.0148269637151317
2016,1,744835386.5,744835386.5,20204.997094619,47366.4994543919,22338.0543040417,6844.14179615512,2319.01038982121,2319.01038982121,2365.82476066341,1965,0.770651370956284,0.383818620594943,1.1984430549574,1.4989613241788,1.24790099768604,0.435061867990461,1.53482434063816,0.535093365510124,0.518872250236114,0.18089698690419,1.86832997672277,0.651365077199884,0.0677326490429261,0.105232540710784,0.0246981565167835,26.4440524773214,13.802725596352,5.42591758024223,67.2697280417786,11.3540459859798,32.1471306748899,7051123843.27624,563763536.129159,0,0,0,0.308211135850347,0.222778130570482,0.166684583981451,0.10008676261896,0.0799537135724469,0.717674234157453,0.512080334679788,1.40433791352324,-0.0201330490465131,-17.5825337078153,9.58374225408386,28.4604158263768,28.4604158263768,27.8972479692421,3.26651865827673,1.39338985908279,2.95459931745525,9.64328355047777,2.27112149799102,10.1945441959461,13.6252642190579,-0.237495598825403,-0.346014155815917,0,0,-0.684768138994249,-0.710914237562327,0.171382512374393,-0.0604869888113659,-0.131870704708679,0
2016,2,737631081.630556,737631081.630556,20763.2608745394,52696.4957050108,21669.3143292398,7559.17848211377,2913.10528191141,2913.10528191141,2976.63907430043,1965,0.261125134886031,0.636977937969797,1.08671469592966,1.38301946194307,1.27660645394218,0.431339924138528,1.59688252951814,0.539554838543603,0.579704359162001,0.195870570395092,1.95962970849921,0.662119893874465,0.0866605020587292,0.0955478853842208,0.0310415109967736,34.0029388456164,10.734366275139,6.62365841349831,55.1054986857669,12.6106619318827,28.9437621888186,4088078113.63872,346380180.741664,0,0,0,0.301324440882197,0.189787063336431,0.135428416273147,0.104420228637475,0.0847293449667862,0.802077560198034,0.568535544213917,1.58721576745835,-0.0196908836706887,-6.06923244652339,-12.1729703742874,22.5532528494444,22.5532528494444,22.0718731294088,3.16424286132066,1.24676222054274,3.03193719015589,8.69142065575734,1.96818192636189,10.3704746348962,14.5330055576538,0.18293561613872,0.311027478839391,0,0,1.47794200412205,1.76165583210926,0.259359570670782,0.0140106928612891,-0.0172698771407024,0.0125319079668507
2016,3,1120952438.64167,1120952438.64167,20924.5357310121,36588.9767281703,22158.7296086887,4499.5397004639,2445.67289877351,2445.67289877351,2473.41069471218,1965,1.76075702581029,0.736831694743313,1.10803512503441,1.4471819017198,1.35060030429761,0.430964435055133,1.76313354081209,0.562600088216331,0.681347262092336,0.217411796035906,2.1339019984905,0.680908975302461,0.112909124621228,0.104909366179433,0.0390271517771002,41.9602852842264,8.69870158240345,6.64691358645015,54.9127042578166,13.0327882910891,28.0062862871455,4326150306.42983,404579827.568298,0.0260047281323877,2.22333899888501,0.449773966318899,0.301209793571812,0.195436407772224,0.141344298477456,0.111745338876925,0.0935195956938857,0.864987629507572,0.592889660126564,1.71528409001518,-0.0182257431830393,-11.459521665479,-9.03472658151965,17.2958534320813,17.2958534320813,17.1018909598926,2.02155022905992,1.15608589751658,1.90895420211336,9.40096161294875,1.86314795971336,9.53326957321489,13.1816279806329,0.0611230226980002,0.0377666771755927,0,0,-0.0388329212447399,-0.0305154620201621,-0.139465547973489,0.0690975370427092,0.00964638761486492,0
2016,4,768075700,768075700,19888.867724887,38037.8662924616,18001.2803425496,5362.23317571432,3634.33448031229,3634.33448031229,3668.22176512029,2462,1.27756592477482,0.73464144339259,0.97699419999829,1.27811150947599,1.59863129457665,0.444589617951978,2.02291619128498,0.56258596943733,0.881148694469572,0.24505310434127,2.59574589694833,0.721893585181119,0.117728622426654,0.107571472522429,0.0385322425818907,39.8321086965921,9.1634616379531,6.1650779065641,59.2044424307074,12.1211505181938,30.1126530400011,4497461722.23953,391866313.4933,0.0247469066366704,3.30394043664754,0.30266889466527,0.298636531105204,0.194065375887843,0.139113381914303,0.102695254347962,0.0871305500068088,0.855745023452455,0.597659481304889,1.8260454803459,-0.0155647043411535,0,0,12.230574879883,12.230574879883,12.1175879884521,2.23491857932061,1.16857238148527,2.46926880500459,8.28945675121236,1.81392329950594,9.34697027332825,13.0391718937821,0.413624278896619,0.318236380556539,0.42061221950281,0.469162997743765,0.377990838400126,0.492728064101296,0.835782518633928,0.016553138008927,-0.250706756704017,0.0286022338556502
2017,1,1132244024.40833,1132244024.40833,13519.2293413731,37836.8923804446,12391.1482423823,2370.89526827291,2451.01315632925,2451.01315632925,2471.10643967591,2462,0.33732118768469,0.571960742813031,0.924796121156719,1.40232310860618,1.57905096615709,0.480593478989317,1.92004864417627,0.584378134405064,0.598867703859574,0.182268919383052,2.28562711561925,0.695644099342196,0.127057319658712,0.106788028779302,0.0393259288556792,38.0904354040093,9.5824580666668,5.80628815319189,62.8628807888821,13.25388965396,27.5390854707279,4473699283.26581,378293549.392334,0,0,0,0.301557272874206,0.195774163658132,0.138067176689084,0.0994353086073533,0.0845594496723031,0.884039541599173,0.610310819691524,1.97184044128479,-0.0148758589350502,19.150247087686,22.8042868884334,17.4621665695582,17.4621665695582,17.3201766272817,3.16586093180759,1.1311711218155,3.45407860214344,18.0522524856941,1.88481855482441,9.62751427259706,13.6514601082115,-0.35053052760114,-0.393767813864615,0,0,-0.753768263200308,-0.787831355840533,-0.325595051967083,-0.0744190935263961,0.0129432311185778,0.493988678459688
2017,2,1045121064.89444,1045121064.89444,15915.8686685204,40042.1945181132,15422.0239819489,1675.26716168221,2116.71171341612,2116.71171341612,2132.9564821518,2727,0.87064407342007,0.447214255328925,0.7183260037915,1.10707734334123,1.07696234825547,0.394271562480619,1.41989470488722,0.519817712068277,0.562895793731277,0.206073874790237,1.73152428615344,0.63390404212433,0.100315747786216,0.093464071808299,0.0316823555350567,37.2925843117888,9.78746865458228,5.36230399021753,68.0677560738576,13.3959617660975,27.2470171513732,4380848239.32689,291892178.248676,0,0,0,0.300848172776554,0.181857697363801,0.121707785661386,0.0796441426375311,0.0666291462982804,0.437619612219816,0.604001934264648,1.91244952203869,-0.0130149963392507,6.59206472713229,-9.30825370486492,43.2274264936768,43.2274264936768,42.898202924277,5.74897933035696,2.28508954369646,5.93307338304613,54.6181541027289,2.97779810598963,16.3743308595437,24.4667840254232,0.109952323602305,0.159258380432309,0,0,0.00535025684078727,-0.0301336610495798,-0.124759581577601,-0.0314387387323022,0.165038568132563,0
2017,3,1036064501.33333,1036064501.33333,16493.2070359279,38760.1891522578,16353.4095288126,3171.48111509598,2081.55959134261,2081.55959134261,2100.85785894494,2462,0.615741384212641,0.382725881077692,0.860094987439707,1.21287951427056,1.0531835032369,0.399395348168011,1.32242910249911,0.501500479448106,0.49674861419302,0.188380358321061,1.63694484191605,0.620773258467788,0.0959295933018358,0.0881070483769718,0.0316896765977642,34.6857550857302,10.5230518723855,5.38923360488043,67.7276263677752,13.0442232562408,27.9817351198258,4217335826.3218,280978186.350888,0,0,0,0.303258508584125,0.180496509729536,0.117214772741043,0.0794052663463603,0.0666245700892989,0.42687432987068,0.596583615759214,1.80595164654845,-0.0127806962570614,5.17409507726471,11.7066321343631,43.6211388699344,43.6211388699344,43.2204395044605,5.50529680505473,2.34260982688499,5.55235896465638,28.6301562912671,3.04168332123326,16.8517569995733,25.9496584782286,-0.0048787599921214,0.0150821012040112,0,0,2.09166489745658,2.72079840256719,0.0797217896281195,0.00946428419524081,0.0456707946459125,0.00860795728858066
2017,4,1157374000,1157374000,12819.2900479879,35915.5878728687,12241.6764157481,2390.28956931813,2680.77907400719,2680.77907400719,2708.80588297301,2727,1.1963249520382,0.477507062872067,0.696056721092987,0.975017683334184,1.26723144078463,0.403440882821105,1.72044205259826,0.547726830477813,0.768001841267785,0.244504145712693,2.14105856581358,0.681635990209248,0.153075029688326,0.0858783628976577,0.0454377891792165,29.8852994575538,12.213362644012,5.32326421860649,68.5669515941383,11.0603663873221,33.0007150955126,3907826529.5523,374747065.544822,0,0,0,0.309186875738391,0.187110742330156,0.117716771795997,0.110009727105696,0.0958965457424628,0.402641119650995,0.550945568625521,1.85607642443526,-0.0141131813632334,0,0,33.2739093888349,33.2739093888349,32.9296390563431,6.95826365314204,2.48360127963778,7.28658371375104,37.3176543733343,3.21137094632559,17.1629426848147,27.2804877107137,-0.13110399356409,-0.100407305907115,-0.162242228794635,-0.264746270297139,-0.0692168478655668,-0.0436864495849831,-0.262374146207688,-0.130211408315646,-0.00430421966634054,0.506848869193492
2018,1,1106855482.76111,1106855482.76111,12829.438884924,35466.2118386189,11845.5797348135,4436.54124362308,3326.2598933113,3326.2598933113,3354.79749419231,2727,0.885074852334822,0.301486787770531,0.566770465663254,0.903759490076272,1.31028972366759,0.415081893595406,1.76698331909512,0.559756188874425,0.74385790799182,0.235644028521353,2.15670171087919,0.683213654127148,0.165762508579509,0.0988266959664104,0.0573220527331765,33.1162940377677,11.0217646812694,5.36955365969323,67.9758548163672,11.4440020812533,31.8944367021671,3880209203.28243,453655136.594993,0,0,0,0.31920144932479,0.203309515404912,0.132856646382066,0.132761665215803,0.116915123084401,0.437854467143443,0.581595111663123,1.68184250371517,-0.015846542131402,11.3491572309281,8.59976865023515,24.3516750338364,24.3516750338364,24.144527394045,6.31360426021313,2.28386387496281,6.8379937338099,18.2574657941987,3.09249824121543,15.2107894952993,23.2769554661352,-0.186378565373957,-0.186151271282222,0,0,-0.499519602358859,-0.522538777961295,0.240781057104885,-0.0270825441208911,-0.0319038703953164,0
2018,2,1090831843.63889,1090831843.63889,14628.3190595878,31862.0413546341,13998.5066408058,4228.89928168168,5205.69603199064,5205.69603199064,5229.62822662929,2727,1.13456482672116,0.408012281225514,0.615777270003163,0.981274812974366,1.20945655256563,0.415069779108656,1.57759090084095,0.541408705709041,0.614339580066484,0.210833364170858,1.91386319467268,0.656812989083267,0.261419282424996,0.109757470722087,0.0888702512437553,33.8699245244566,10.7765223904306,5.40845365242475,67.4869423788741,11.268292977488,32.3917740450309,3849622831.6194,676015373.428898,0,0,0,0.320243492777275,0.220250127906346,0.147718884988551,0.192688195695239,0.175605612029405,0.416497272609597,0.580001275099761,1.70612229649588,-0.0170825836658341,2.21183819049819,9.32062108664806,14.6954412109127,14.6954412109127,14.6281908932764,5.22958240713651,2.4009761066007,5.46486864370242,18.0898136617666,3.18927439404933,14.4802385558907,21.5901602174734,0.110030912523131,0.0166749350898603,0,0,1.16297279079887,1.34290942485748,0.636460124505121,0.0379470893156757,0.124448587234696,0.00499017603644103
2018,3,1097041174.35,1097041174.35,15148.1524945847,31637.4408288899,14338.1637528108,4100.62639869958,5167.4550896951,5167.4550896951,5196.71014479275,2727,1.35637873553389,0.358529117620647,0.619681573318319,0.974427412229113,1.20130364209202,0.412810594020913,1.54009703571136,0.529232035836243,0.620476085864433,0.213217618432765,1.91006010865884,0.656364486415757,0.269644513504775,0.114317487646392,0.0891670309172423,36.4758443056852,10.0066223811332,5.23955562807448,69.6623961857117,11.1239746323201,32.8120129777636,3832837725.23695,674679929.174044,0,0,0,0.318922445740824,0.22610704209277,0.152889603882706,0.194194147543111,0.176026218050318,0.399967646382931,0.578817388075226,1.75036593021142,-0.018167929492793,3.94509570104028,4.21394094869786,15.3073415495648,15.3073415495648,15.2211683538402,5.22175889292619,2.50020222646357,5.51674547478184,19.2897358376966,3.42416023356022,15.1439787185191,22.3962921389159,-0.00141914736180571,-0.012011862266069,0,0,-0.567169177643685,-0.616764854809146,0.0584628905166127,0.0103164378927634,0.0116367956073928,0
2018,4,1163149500,1163149500,25350.7773506329,32831.2185356238,24652.1371500396,3775.20602467697,4226.88313067237,4226.88313067237,4248.26666735445,4561,1.34646534700975,0.290328552123815,0.517009226986268,0.791339693577576,0.374171639767254,0.197459319852534,0.645411849255149,0.340599263102786,0.463487800559618,0.244593593238059,0.894930257263581,0.4722760923961,0.181070196039313,0.114731275445893,0.0767560214347156,27.8213124989527,13.1194385604108,6.02169702881068,60.6141422017191,10.7620023237166,33.9156217422139,3977462451.82793,585512446.620144,0,0,0,0.311132506644759,0.216221556846556,0.145381367996856,0.163503891850596,0.147207535887877,0.373506467982068,0.596182515517188,1.40641584780062,-0.0162963559627195,0,0,20.795464951977,20.795464951977,20.69079153516,3.46734929600908,2.67732980743994,3.56561378289504,23.2834974900532,3.25349754788836,15.0470544904884,22.379054432606,0.0150707406778714,0.0214583113032281,0.172996125853023,0.25362232281627,0.508666742214889,0.558200676887427,0.576736841784609,0.016529441689199,0.685011096308342,0.00499017603644103
2019,1,1107656210.38611,1107656210.38611,25969.8172934778,32570.9925358112,25487.9772548585,2385.91087669591,4483.18074998107,4483.18074998107,4509.98125876859,4561,0.900751133453266,0.20346582341078,0.440418012581512,0.811714670321104,0.376160408256684,0.201859514103707,0.66535463753583,0.357050239449925,0.433926704653789,0.232858726850023,0.863476239536717,0.463368526636748,0.175341826792575,0.107019951384656,0.0768082150535918,35.0381783780401,10.4172082253215,5.31838919508891,68.6298024855058,11.2377034897995,32.4799457764046,4167897755.88396,612902681.992337,0,0,0,0.304222232296239,0.212368149958242,0.140766317031164,0.163184231990201,0.147053195133465,0.407646965404395,0.588900665743389,1.34437336499438,-0.0161310368567359,2.58956474285139,5.49954797125746,17.8221678883541,17.8221678883541,17.7162598724004,3.07664852228539,2.45310301527199,3.13481133481354,33.4882584175349,3.10591661023583,14.6251526457548,22.0643451909609,-0.29397773744359,-0.303949094914889,0,0,-0.207179175098595,-0.222152031679101,0.0606351326462951,0.00747936472404565,0.0244848264117989,0
2019,2,1136060307.075,1136060307.075,26758.1730009177,32627.4664659638,26428.2126195008,3267.87053194255,3316.03346806421,3316.03346806421,3349.96586563142,4561,1.16513168437243,0.264167774122568,0.45575706411625,0.782594333456787,0.327333828535019,0.1733764685458,0.661191396191751,0.350208317354919,0.509608831561797,0.269920710460524,0.88799455474287,0.470337455429689,0.118377401036207,0.105844879422227,0.0574102031588928,31.4764811070812,11.5959594961804,5.07858464340395,71.8704177696557,11.0488541471197,33.0350998519742,4175124356.86918,481121620.14231,0,0,0,0.300017847516139,0.210183855111205,0.138309047086058,0.129872969051904,0.115235279004501,0.44091170899951,0.581228310215883,1.19846809427924,-0.0146376900474022,-2.12095592933244,-11.8098061006049,22.3158181944402,22.3158181944402,22.0897773195824,2.76551018626952,2.26802776970731,2.80003801488252,22.6447159630928,2.89093497670318,13.7543151217472,20.901994754576,0.133610870033561,0.0829507007971235,0,0,0.117518560934982,0.191944094943381,-0.223282289690521,0.0454928266464929,0.0319156038705608,0.00498379615002209
2019,3,1165627274.99722,1165627274.99722,28783.4908426939,32453.396045097,28674.3190278014,2292.13407862849,4501.51957881434,4501.51957881434,3864.98291232138,4561,0.903154247385777,0.345729384296232,0.60732932434017,0.884011707656308,0.267380348910588,0.142227895988767,0.661511724677105,0.351878592260297,0.563293794384345,0.299633430524115,0.879943080446797,0.468069001449589,0.146221410152604,0.0961089527763611,0.0777146375556138,28.6384887602354,12.7450859246038,4.84175509500257,75.3858864891237,11.18777009397,32.6249106778418,4004251847.16065,622951129.406798,0,0,0,0.29260561169384,0.19899517301142,0.126081148384546,0.171955596492034,0.155572414819143,0.607741498971854,0.561873754470104,1.0571750096314,-0.0163831816728903,-4.17471514527295,-16.4350541546429,11.862660833759,11.862660833759,13.8163612133351,1.85523014883216,1.64543642599979,1.86229357175756,23.2970664752526,2.25143258028818,11.3140059943011,17.8570120048505,-0.0305422369165971,-0.0883643192502345,0,0,1.09140335497954,1.03470355804191,0.396797502394219,0.0644891361265607,0.0690481608157205,0
2019,4,1166192871.975,1166192871.975,44389.0387104148,31955.3449996499,34447.7633876113,4376.74172313876,4765.56762912468,4765.56762912468,4063.14479694537,4766,0.605556982892093,0.238509000550338,0.480125255676117,0.795675587890683,0.225018316711862,0.120001766545285,0.578472702004515,0.308498202071506,0.587649395364942,0.313392112177969,0.87512503515477,0.466702229850256,0.129293818746806,0.155225330262638,0.0686646033901632,27.0298279687226,13.5036005564799,3.75177930458473,97.2871723968317,6.31031919829399,57.8417649773848,919824846.09702,156725313.962078,0,0,0,0.292903638629958,0.313745829204713,0.240163947789702,0.190209173095303,0.170386041024105,0.543458248293366,0.461515213904897,0.869022195853263,-0.0198231320711975,0,0,12.3385091926185,12.3385091926185,14.471549240432,1.32465134880707,1.84006775707301,1.70693230031726,13.4346515557769,2.46156598831073,7.84573294424451,10.2495233400568,-0.0218272326340762,-0.0791371629408599,0.00887662824483604,0.00670492871173911,0.1379388656695,0.132190578857441,0.127442487004986,0.506648199458852,0.522561539460555,0.00498379615002209
2020,1,1167658199.22222,1167658199.22222,44113.57606017,40063.0431960242,34032.6471773775,236.635173018996,3951.55791572691,3951.55791572691,3228.68734404572,4766,0.824304924365781,0.127032808683029,0.641269109318193,0.934659239064871,0.332220328396735,0.16303865389456,0.76167575992495,0.373795881791985,0.641075407075087,0.31461070404341,1.03767830794032,0.509245401443764,0.103687324201251,0.133688603301209,0.0538393760716391,33.6826406372662,10.8364425441207,4.35412589709154,83.8285361118776,8.82747296974028,41.3481866499263,1153202462.44767,126777246.983502,0,0,0,0.265626089009393,0.230148704019034,0.17070647156857,0.126060182673425,0.109934943005946,0.707827618304314,0.546455100724875,1.0523982877308,-0.0161252396674789,-8.50334667818931,10.8720592161102,14.3234646200518,14.3234646200518,17.5303440589813,1.28305172817544,1.41277335630901,1.66310894668293,239.186758578178,2.17221105335565,9.43829365720002,12.7248313048467,0.606968839399301,0.172293496318453,0,0,0,0,-0.168852831573277,0.0799457324852888,-0.00620560581094731,0
2020,2,1168946400,1168946400,26706.3414924773,47348.2178264408,16709.5824193903,-37.9974650676883,3244.91097282134,3244.91097282134,2522.83573481213,4766,0.874366518775017,0.126077005361435,0.34858380452227,0.663639151942882,0.872188005983545,0.259306767212048,1.56044616547297,0.463930079066997,1.1929931892795,0.354684087714793,2.36353738608879,0.70269395424713,0.087606542144207,0.115696299229713,0.0399502596424525,36.252200814712,10.0683542460096,4.4235014612193,82.5138192447643,8.87149397183263,41.1430139228962,1362903989.16523,98770770.7461216,0,0,0,0.246930237954065,0.2543411376381,0.134460216481924,0.0892475402380641,0.0724708207851223,0.90015623244184,0.582935460378387,1.27831359380514,-0.0167767194529418,-22.0178395579021,-28.163877296805,16.2099978830131,16.2099978830131,20.8495540451495,1.96956966250194,1.11091826502974,3.1478943446822,-1384.3028714231,1.90623719262563,7.49480485275646,14.1769606096231,0.00730230274696875,-0.0168953039430622,0,0,0,0,-0.177921483185449,-0.000684163561200712,-0.394600395668436,0
